0.9842845418024808
1.7638670599553734
2.888979116920382
4.556400149129331
6.579287684056908
9.117141927126795
12.140435309149325
15.401512339012697
19.077388124074787
23.05578017886728
27.773060557898134
32.88437206391245
38.33383593405597
44.03518357407302
50.36350551620126
57.018793631810695
64.4897694021929
72.0674984198995
80.21787846786901
88.86909985984676
97.9242337718606
107.3938539000228
117.04726050398313
127.44326911098324
137.9033491248265
149.38306319899857
161.16018426790833
173.74437344702892
186.07793641719036
199.29260217095725
213.67247062479146
227.06631714710966
241.8144352438394
257.3502350321505
272.67854053806514
