0.7975218500941992
1.2044821049785241
1.76174116297625
2.659118324983865
3.679182137013413
4.908026008983143
6.348628058098257
8.07750470994506
9.850427863071673
11.898800792987458
14.116958242026158
16.369508545962162
18.773451084969565
21.748954265960492
25.081942203920335
28.73701834899839
32.066423021955416
35.84504102007486
38.41086963098496
43.89481404097751
48.441402454976924
52.62452690198552
57.53073099604808
62.54518894595094
67.48611502803396
73.08369929995388
78.20414743898436
83.71876428299583
89.57028804498259
96.00942030595616
102.32798051508144
100.03119163797237
106.371539758984
112.06042078102473
118.26040579297114
